data_t=[1	   17.6010	    0.3622;
2	   67.2757	    0.6512;
3	  231.8741	    1.4404;
4	  578.3167	    2.6077;
5	1000	    5.3070;
6	1000	    7.2175;
7	1000	   12.8387;
8	1000	   21.2924;
9	1000	   28.0146;
10	1000	   51.8064;
11	1000	   63.7781;
12	1000	   97.0025;
13	1000	  113.2573;
14	1000	  169.3695;
15	1000	  240.1249;
16	1000	  293.2045;
17	1000	 404.2694;
18	1000	  493.6517]
data_t=data_t(:,[1 3])
% fft vs amen dep on WavelengthperL
% tol=1-3

data_t2=[1	   17.6010	    0.3622;
2	   67.2757	    0.6512;
3	  231.8741	    1.4404;
4	  578.3167	    2.6077];