%% Pre-computation of SELF_TERMS block
ST=[0.00375452 + 0.00689185 *1j, ...
 0.00519157 - 0.00513278 *1j, -0.000257868 - ...
  0.00307279 *1j, -0.000568912 - 0.000921219 *1j, -0.000259776 - ...
  0.000240629 *1j, -0.0000927971 - 0.0000608148 *1j, -0.0000300086 - ...
  0.000015245 *1j, -9.19137*10^-6 - 3.81384*10^-6 *1j, -2.71911*10^-6 - ...
  9.5362*10^-7 *1j, -7.85017*10^-7 - 2.38415*10^-7 *1j, -2.22558*10^-7 - ...
  5.96044*10^-8 *1j, -6.22152*10^-8 - 1.49011*10^-8 *1j]; %for lambda = L/7, h=L/2^dx